##Falco	1.3.0
>>Basic Statistics	pass
#Measure	Value
Filename	subset_2_fastq
File type	Conventional base calls
Encoding	Sanger / Illumina 1.9
Total Sequences	458003
Total Bases	64 Mbp
Sequences flagged as poor quality	0
Sequence length	20-150
%GC	26.3
>>END_MODULE
>>Per base sequence quality	pass
#Base	Mean	Median	Lower Quartile	Upper Quartile	10th Percentile	90th Percentile
1	38.9462230596743	40.0	38.0	40.0	37.0	40.0
2	37.7528444136829	40.0	38.0	40.0	32.0	40.0
3	37.8048287893311	40.0	38.0	40.0	32.0	40.0
4	37.7386108824615	40.0	38.0	40.0	32.0	40.0
5	37.7360497638662	40.0	38.0	40.0	32.0	40.0
6	37.6762379285725	40.0	38.0	40.0	32.0	40.0
7	37.6169129896529	40.0	38.0	40.0	32.0	40.0
8	37.5694526018389	40.0	38.0	40.0	31.0	40.0
9	37.5700443010199	40.0	38.0	40.0	32.0	40.0
10-14	37.5640128994788	40.0	38.0	40.0	31.8	40.0
15-19	37.465923148975	40.0	38.0	40.0	31.0	40.0
20-24	37.3387142375745	40.0	37.6	40.0	31.0	40.0
25-29	37.1408994819452	40.0	37.0	40.0	31.0	40.0
30-34	36.8164127303425	40.0	36.2	40.0	30.2	40.0
35-39	36.7801857069827	40.0	36.0	40.0	30.0	40.0
40-44	36.6445166679841	39.4	36.0	40.0	29.6	40.0
45-49	36.3883854623533	39.0	35.2	40.0	28.6	40.0
50-54	36.5960396071972	39.0	35.4	40.0	29.8	40.0
55-59	36.5519557153082	39.0	35.0	40.0	29.6	40.0
60-64	36.3346709772119	38.8	35.0	40.0	29.0	40.0
65-69	36.1291442634021	38.0	35.0	40.0	29.0	40.0
70-74	35.9611016957343	38.0	34.6	40.0	28.0	40.0
75-79	35.6982524329336	38.0	34.0	40.0	28.0	40.0
80-84	35.2614307103445	38.0	33.2	40.0	27.2	40.0
85-89	34.718817657871	36.8	32.4	39.2	26.6	40.0
90-94	34.4786915808501	36.0	32.0	39.0	26.0	40.0
95-99	34.5620027457255	36.4	32.2	39.0	26.0	40.0
100-104	34.2598560767185	36.0	32.0	39.0	26.0	40.0
105-109	33.7617839060841	35.4	31.2	38.2	25.2	40.0
110-114	33.4129673830262	35.0	31.0	38.0	24.4	40.0
115-119	33.1094076588102	35.0	30.6	38.0	24.0	40.0
120-124	32.763160488834	34.4	30.0	38.0	23.6	39.8
125-129	32.4328387834587	33.8	30.0	37.2	23.6	39.0
130-134	32.0429742705715	33.0	29.4	36.4	23.0	39.0
135-139	31.5421080035914	33.0	28.6	36.0	23.0	38.0
140-144	31.38343913939	33.0	29.0	35.8	23.0	38.0
145-149	31.4307078604966	32.6	29.0	35.2	23.2	38.0
150	31.6778653095371	33.0	29.0	35.0	24.0	38.0
>>END_MODULE
>>Per sequence quality scores	pass
#Quality	Count
17	2
18	6
19	37
20	199
21	414
22	711
23	1157
24	1634
25	2277
26	3222
27	4440
28	6138
29	8724
30	11992
31	17646
32	25421
33	36711
34	50952
35	68109
36	82979
37	81560
38	46913
39	6673
40	86
>>END_MODULE
>>Per base sequence content	fail
#Base	G	A	T	C
1	0.19454	39.6545	30.6345	29.5164
2	0.916806	46.6942	29.1304	23.2581
3	0.737768	48.1792	26.6712	24.4103
4	0.892571	46.8453	26.1498	26.1097
5	1.07794	48.251	26.8483	23.8193
6	1.02401	48.4377	24.9863	25.5479
7	0.932745	47.1012	27.4016	24.5612
8	0.913531	47.3951	27.1005	24.5894
9	0.948684	47.3084	27.3046	24.4354
10-14	0.907199	47.5428	27.3204	24.228
15-19	0.92554	47.1651	27.4651	24.4426
20-24	0.955699	46.8535	27.4164	24.773
25-29	0.957494	46.9731	27.1173	24.9506
30-34	0.988485	46.7661	27.1384	25.1052
35-39	0.982721	46.7271	26.9589	25.3287
40-44	0.975285	46.8112	26.9209	25.2904
45-49	0.997027	46.6126	26.9006	25.4885
50-54	1.00574	46.6148	26.8312	25.5468
55-59	0.990286	46.6362	26.8405	25.5325
60-64	1.01059	46.5581	26.7512	25.6797
65-69	1.00561	46.6933	26.7823	25.5181
70-74	1.01406	46.5829	26.7161	25.6856
75-79	1.02009	46.564	26.8008	25.6138
80-84	1.00226	46.5977	26.7382	25.6608
85-89	1.01322	46.5158	26.8158	25.6545
90-94	1.02769	46.49	26.6976	25.7843
95-99	1.0197	46.5634	26.7652	25.6513
100-104	1.01432	46.5588	26.789	25.6376
105-109	1.00326	46.5566	26.8448	25.5953
110-114	1.00131	46.6526	26.754	25.5919
115-119	1.00896	46.7081	26.803	25.4795
120-124	0.980832	46.736	26.842	25.4409
125-129	1.00228	46.6259	26.9077	25.4637
130-134	0.976172	46.9144	26.7843	25.3248
135-139	0.945627	47.0051	26.8709	25.1783
140-144	0.937915	47.3244	26.8338	24.9039
145-149	0.928075	47.7379	26.8804	24.4535
150	0.882948	49.0059	26.897	23.2142
>>END_MODULE
>>Per sequence GC content	fail
#GC Content	Count
0	455
1	438
2	405
3	405.5
4	449
5	492.5
6	539.5
7	617
8	670.5
9	722.5
10	800.5
11	922.5
12	1148.5
13	1555
14	2381.5
15	3792
16	5920
17	8980.5
18	13100
19	17584
20	21560
21	25092
22	27839.5
23	29177.5
24	29562
25	29304.5
26	28119.5
27	26576
28	24857.5
29	22629.5
30	20218
31	17862
32	15809
33	13877
34	12042.5
35	10359.5
36	8782.5
37	7586.5
38	6481.5
39	5420.5
40	4560
41	3797
42	3130.5
43	2606.5
44	2160.5
45	1785.5
46	1447.5
47	1163.5
48	999.5
49	945.5
50	908
51	731
52	532.5
53	429
54	349
55	275
56	223
57	171.5
58	127.5
59	98
60	88.5
61	74
62	57
63	50.5
64	42.5
65	35
66	29.5
67	26
68	25
69	23.5
70	21
71	15.5
72	10.5
73	7
74	5.5
75	6.5
76	8
77	8.5
78	8.5
79	8
80	7
81	7
82	5
83	3
84	3.5
85	4
86	3
87	2.5
88	2.5
89	2.5
90	3
91	2.5
92	1.5
93	0.5
94	0
95	0
96	0
97	0
98	0
99	0
100	0
>>END_MODULE
>>Per base N content	pass
#Base	N-Count
1	0
2	0.000436678
3	0.00152837
4	0.00262007
5	0.00349343
6	0.00414844
7	0.00327509
8	0.00152837
9	0.00283841
10-14	0.00161571
15-19	0.00165938
20-24	0.00148529
25-29	0.00144326
30-34	0.00188325
35-39	0.00263182
40-44	0.00215314
45-49	0.00132074
50-54	0.00145587
55-59	0.000574899
60-64	0.000443336
65-69	0.000711463
70-74	0.00142768
75-79	0.00129885
80-84	0.00112553
85-89	0.000679738
90-94	0.000501422
95-99	0.000366847
100-104	0.000323649
105-109	9.35356e-05
110-114	0.000237243
115-119	0.000434147
120-124	0.00024581
125-129	0.000402847
130-134	0.000312392
135-139	5.46763e-05
140-144	5.85684e-05
145-149	0.000129348
150	0
>>END_MODULE
>>Sequence Length Distribution	warn
#Length	Count
20	151.0
21	29.0
22	61.0
23	93.0
24	123.0
25	211.0
26	47.0
27	68.0
28	119.0
29	145.0
30	245.0
31	73.0
32	86.0
33	117.0
34	162.0
35	263.0
36	54.0
37	104.0
38	151.0
39	192.0
40	307.0
41	77.0
42	95.0
43	150.0
44	182.0
45	353.0
46	64.0
47	128.0
48	178.0
49	232.0
50	337.0
51	90.0
52	124.0
53	168.0
54	262.0
55	449.0
56	95.0
57	140.0
58	183.0
59	236.0
60	460.0
61	103.0
62	150.0
63	222.0
64	323.0
65	529.0
66	136.0
67	173.0
68	249.0
69	379.0
70	557.0
71	141.0
72	182.0
73	265.0
74	418.0
75	677.0
76	186.0
77	260.0
78	327.0
79	542.0
80	1004.0
81	225.0
82	298.0
83	443.0
84	700.0
85	1267.0
86	249.0
87	293.0
88	417.0
89	612.0
90	931.0
91	281.0
92	305.0
93	424.0
94	579.0
95	919.0
96	322.0
97	400.0
98	570.0
99	831.0
100	1438.0
101	398.0
102	525.0
103	719.0
104	1120.0
105	2088.0
106	582.0
107	652.0
108	925.0
109	1440.0
110	2490.0
111	635.0
112	810.0
113	1088.0
114	1681.0
115	2665.0
116	637.0
117	888.0
118	1219.0
119	1872.0
120	3035.0
121	842.0
122	981.0
123	1473.0
124	2181.0
125	3964.0
126	1091.0
127	1386.0
128	1865.0
129	3027.0
130	5442.0
131	1404.0
132	1836.0
133	2647.0
134	4169.0
135	8131.0
136	1868.0
137	2443.0
138	3516.0
139	5713.0
140	10383.0
141	2336.0
142	3251.0
143	4673.0
144	7657.0
145	13978.0
146	3006.0
147	4092.0
148	6295.0
149	10873.0
150	286880.0
>>END_MODULE
>>Sequence Duplication Levels	pass
#Total Deduplicated Percentage	96.8058
#Duplication Level	Percentage of deduplicated	Percentage of total
1	97.3505	94.241
2	2.33005	4.51125
3	0.207287	0.601996
4	0.0454678	0.176062
5	0.0209851	0.101574
6	0.0172544	0.10022
7	0.00932673	0.0632017
8	0.00559604	0.0433383
9	0.00396386	0.0345352
>10	0.0095599	0.126855
>50	0	0
>100	0	0
>500	0	0
>1k	0	0
>5k	0	0
>10k+	0	0
>>END_MODULE
>>Overrepresented sequences	pass
>>END_MODULE
>>Adapter Content	pass
#Position	Illumina Universal Adapter	Illumina Small RNA 3 prime Adapter	Illumina Small RNA 5 prime Adapter	Nextera Transposase Sequence	SOLID Small RNA Adapter
1	0	0	0	0	0
2	0	0	0	0	0
3	0	0	0	0	0
4	0	0	0	0	0
5	0	0	0	0	0
6	0	0	0	0	0
7	0	0	0	0	0
8	0	0	0	0	0
9	0	0	0	0	0
10	0	0	0	0	0
11	0	0	0	0	0
12	0	0	0	0	0
13	0	0	0	0	0
14	0	0	0	0	0
15	0	0	0	0	0
16	0	0	0	0	0
17	0	0	0	0	0
18	0	0	0	0	0
19	0	0	0	0	0
20	0	0	0	0	0
21	0	0	0	0	0
22	0	0	0	0	0
23	0	0	0	0	0
24	0	0	0	0	0
25	0	0	0	0	0
26	0	0	0	0	0
27	0	0	0	0	0
28	0	0	0	0	0
29	0	0	0	0	0
30	0	0	0	0	0
31	0	0	0	0	0
32	0	0	0	0	0
33	0	0	0	0	0
34	0	0	0	0	0
35	0	0	0	0	0
36	0	0	0	0	0
37	0	0	0	0	0
38	0	0	0	0	0
39	0	0	0	0	0
40	0	0	0	0	0
41	0	0	0	0	0
42	0	0	0	0	0
43	0	0	0	0	0
44	0	0	0	0	0
45	0	0	0	0	0
46	0	0	0	0	0
47	0	0	0	0	0
48	0	0	0	0.000218339	0
49	0	0	0	0.000218339	0
50	0	0	0	0.000218339	0
51	0	0	0	0.000218339	0
52	0	0	0	0.000218339	0
53	0	0	0	0.000218339	0
54	0	0	0	0.000218339	0
55	0	0	0	0.000218339	0
56	0	0	0	0.000218339	0
57	0	0	0	0.000218339	0
58	0	0	0	0.000218339	0
59	0	0	0	0.000218339	0
60	0	0	0	0.000218339	0
61	0	0	0	0.000218339	0
62	0	0	0	0.000218339	0
63	0	0	0	0.000218339	0
64	0	0	0	0.000218339	0
65	0	0	0	0.000218339	0
66	0	0	0	0.000218339	0
67	0	0	0	0.000218339	0
68	0	0	0	0.000218339	0
69	0	0	0	0.000218339	0
70	0	0	0	0.000218339	0
71	0	0	0	0.000218339	0
72	0	0	0	0.000218339	0
73	0	0	0	0.000218339	0
74	0	0	0	0.000218339	0
75	0	0	0	0.000218339	0
76	0	0	0	0.000218339	0
77	0	0	0	0.000218339	0
78	0	0	0	0.000218339	0
79	0	0	0	0.000218339	0
80	0	0	0	0.000218339	0
81	0	0	0	0.000218339	0
82	0	0	0	0.000218339	0
83	0	0	0	0.000218339	0
84	0	0	0	0.000218339	0
85	0	0	0	0.000218339	0
86	0	0	0	0.000218339	0
87	0	0	0	0.000218339	0
88	0	0	0	0.000218339	0
89	0	0	0	0.000218339	0
90	0	0	0	0.000218339	0
91	0	0	0	0.000218339	0
92	0	0	0	0.000218339	0
93	0	0	0	0.000218339	0
94	0	0	0	0.000218339	0
95	0	0	0	0.000218339	0
96	0	0	0	0.000218339	0
97	0	0	0	0.000218339	0
98	0	0	0	0.000218339	0
99	0	0	0	0.000218339	0
100	0	0	0	0.000218339	0
101	0	0	0	0.000218339	0
102	0	0	0	0.000218339	0
103	0	0	0	0.000218339	0
104	0	0	0	0.000218339	0
105	0	0	0	0.000218339	0
106	0	0	0	0.000218339	0
107	0	0	0	0.000218339	0
108	0	0	0	0.000218339	0
109	0	0	0	0.000218339	0
110	0	0	0	0.000218339	0
111	0	0	0	0.000218339	0
112	0	0	0	0.000218339	0
113	0	0	0	0.000218339	0
114	0	0	0	0.000218339	0
115	0	0	0	0.000218339	0
116	0	0	0	0.000218339	0
117	0	0	0	0.000218339	0
118	0	0	0	0.000218339	0
119	0	0	0	0.000218339	0
120	0	0	0	0.000218339	0
121	0	0	0	0.000218339	0
122	0	0	0	0.000218339	0
123	0	0	0	0.000218339	0
124	0	0	0	0.000218339	0
125	0	0	0	0.000218339	0
126	0	0	0	0.000218339	0
127	0	0	0	0.000218339	0
128	0	0	0	0.000218339	0
129	0	0	0	0.000218339	0
130	0	0	0	0.000218339	0
131	0	0	0	0.000218339	0
132	0	0	0	0.000218339	0
133	0	0	0	0.000218339	0
134	0	0	0	0.000218339	0
135	0	0	0	0.000218339	0
136	0	0	0	0.000218339	0
137	0	0	0	0.000218339	0
138	0	0	0	0.000218339	0
139	0	0	0	0.000218339	0
140	0	0	0	0.000218339	0
141	0	0	0	0.000218339	0
142	0	0	0	0.000218339	0
143	0	0	0	0.000218339	0
144	0	0	0	0.000218339	0
145	0	0	0	0.000218339	0
146	0	0	0	0.000218339	0
147	0	0	0	0.000218339	0
148	0	0	0	0.000218339	0
149	0	0	0	0.000218339	0
150	0	0	0	0.000218339	0
>>END_MODULE
