##Falco	1.3.0
>>Basic Statistics	pass
#Measure	Value
Filename	subset_1_fastq
File type	Conventional base calls
Encoding	Sanger / Illumina 1.9
Total Sequences	458003
Total Bases	61 Mbp
Sequences flagged as poor quality	0
Sequence length	20-150
%GC	26.1
>>END_MODULE
>>Per base sequence quality	pass
#Base	Mean	Median	Lower Quartile	Upper Quartile	10th Percentile	90th Percentile
1	37.0366962661817	38.0	36.0	40.0	33.0	40.0
2	33.1994004406085	37.0	29.0	39.0	21.0	40.0
3	33.1356213823927	37.0	29.0	39.0	21.0	40.0
4	33.1196651550317	37.0	29.0	39.0	20.0	40.0
5	33.187522789152	37.0	29.0	39.0	20.0	40.0
6	33.2856225832582	37.0	30.0	39.0	20.0	40.0
7	33.2646423713382	36.0	30.0	39.0	20.0	40.0
8	33.276782029812	36.0	30.0	39.0	21.0	40.0
9	33.2991617958834	36.0	30.0	39.0	21.0	40.0
10-14	34.4101977497964	37.6	32.4	39.8	23.0	40.0
15-19	34.6643489234787	38.0	32.6	40.0	24.0	40.0
20-24	34.4350206759221	38.0	32.0	40.0	23.2	40.0
25-29	33.9483898387962	37.0	31.2	40.0	22.2	40.0
30-34	33.6706582138562	37.0	31.0	39.0	21.4	40.0
35-39	33.9987996567752	37.0	31.8	39.2	22.8	40.0
40-44	34.1266565894603	37.0	32.0	39.0	23.0	40.0
45-49	34.5123175698685	37.8	32.2	39.8	23.8	40.0
50-54	34.4144812587926	37.2	32.0	39.2	24.0	40.0
55-59	34.1633572658929	37.0	32.0	39.0	24.0	40.0
60-64	32.6198693366199	35.2	29.4	38.2	21.2	40.0
65-69	32.2902001224151	35.0	29.0	38.0	21.0	40.0
70-74	33.221719260931	35.8	30.6	38.0	22.6	40.0
75-79	33.4347539211727	36.0	31.0	38.0	23.0	40.0
80-84	33.3813481355859	35.6	31.0	38.0	23.0	40.0
85-89	33.1952753441066	35.0	31.0	38.0	23.0	40.0
90-94	32.7877414637944	35.0	30.2	38.0	22.2	40.0
95-99	31.8213238700769	33.4	28.4	38.0	21.2	39.2
100-104	32.0680286842345	33.8	29.0	38.0	21.8	39.0
105-109	32.410419538957	34.0	29.8	38.0	22.8	39.4
110-114	31.1533378714278	32.8	28.2	36.4	20.8	38.2
115-119	28.7960130184473	30.4	24.2	34.8	17.2	38.0
120-124	29.1172274224602	30.8	24.8	34.8	17.8	38.0
125-129	30.7102280441558	32.6	27.4	35.8	20.4	38.0
130-134	30.7048513000544	32.2	27.4	35.8	20.6	38.0
135-139	30.7247983368642	32.0	28.0	35.6	21.0	38.0
140-144	29.5812169210622	31.2	26.2	34.2	19.6	38.0
145-149	30.3285420119447	31.0	27.6	34.8	22.4	38.0
150	30.705005818519	31.0	28.0	35.0	23.0	38.0
>>END_MODULE
>>Per sequence quality scores	pass
#Quality	Count
17	3
18	27
19	165
20	556
21	1133
22	2018
23	3173
24	4663
25	6957
26	9805
27	13656
28	19381
29	26305
30	34793
31	43962
32	52785
33	60166
34	62053
35	54870
36	38618
37	17997
38	4235
39	658
40	24
>>END_MODULE
>>Per base sequence content	fail
#Base	G	A	T	C
1	2.6157	37.103	58.7754	1.50589
2	15.2532	31.1629	52.6298	0.951522
3	22.4114	27.9826	48.603	0.990387
4	24.0562	27.7324	47.1241	1.08427
5	24.1328	28.481	46.3521	1.0251
6	24.3389	28.3992	46.3049	0.93864
7	23.623	28.1358	47.2715	0.964623
8	23.3966	28.1882	47.4532	0.94912
9	23.492	28.0555	47.4988	0.953051
10-14	23.9634	27.6924	47.2999	1.01628
15-19	24.3743	27.4575	47.1555	0.97519
20-24	24.8716	26.9102	47.167	1.04493
25-29	25.1379	26.8867	46.9019	1.06402
30-34	25.4759	26.6428	46.7528	1.10135
35-39	25.7011	26.6218	46.5971	1.06917
40-44	25.6706	26.6302	46.5933	1.09684
45-49	25.8541	26.6572	46.3595	1.11379
50-54	25.8171	26.6068	46.4652	1.10808
55-59	25.9284	26.5303	46.3665	1.1626
60-64	25.9608	26.6029	46.3017	1.12793
65-69	25.9507	26.6303	46.32	1.09816
70-74	25.8961	26.4969	46.4313	1.16872
75-79	25.7233	26.4833	46.6327	1.15962
80-84	25.7925	26.3314	46.703	1.16743
85-89	25.732	26.4244	46.7056	1.13204
90-94	25.7168	26.2732	46.8361	1.16691
95-99	25.7416	26.265	46.7992	1.18525
100-104	25.7174	26.287	46.8164	1.17519
105-109	25.563	26.3176	46.9977	1.11086
110-114	25.4648	26.3824	46.9668	1.18088
115-119	25.4469	26.3633	46.9959	1.19267
120-124	25.206	26.2854	47.367	1.13554
125-129	24.9796	26.1051	47.7556	1.15142
130-134	24.8231	25.8633	48.1812	1.12759
135-139	24.4377	25.6143	48.9015	1.04426
140-144	24.0179	25.7448	49.2298	1.00753
145-149	23.706	24.6707	50.6739	0.949076
150	24.8153	23.1553	51.1136	0.915825
>>END_MODULE
>>Per sequence GC content	fail
#GC Content	Count
0	655
1	644.5
2	538
3	445
4	460.5
5	491.5
6	515.5
7	540.5
8	589.5
9	647.5
10	701
11	817.5
12	1040
13	1360
14	2000
15	3305
16	5462.5
17	8683.5
18	12967.5
19	17823.5
20	22642.5
21	26737
22	29699
23	31256
24	31672
25	31285
26	29890
27	27908.5
28	25755
29	23341
30	20728
31	18256.5
32	15847
33	13592
34	11695
35	10079.5
36	8617.5
37	7308
38	6152.5
39	5055.5
40	4234
41	3553.5
42	2912
43	2405
44	1981.5
45	1627
46	1339
47	1141.5
48	988.5
49	881.5
50	814.5
51	680
52	490.5
53	385
54	331
55	243
56	190
57	159.5
58	132
59	106
60	81
61	66.5
62	56
63	40.5
64	28.5
65	23.5
66	22
67	18
68	14
69	12.5
70	11
71	9
72	6
73	5
74	5
75	3.5
76	2
77	2.5
78	3
79	3
80	4
81	4
82	3
83	3
84	2.5
85	1
86	0
87	0.5
88	1
89	0.5
90	0
91	0
92	0
93	0.5
94	1
95	0.5
96	0
97	0
98	0
99	0
100	0
>>END_MODULE
>>Per base N content	pass
#Base	N-Count
1	0
2	0.00262007
3	0.0126637
4	0.00305675
5	0.00895191
6	0.0183405
7	0.0050218
8	0.012882
9	0.000655018
10-14	0.0279911
15-19	0.0376417
20-24	0.00620554
25-29	0.00937655
30-34	0.0271462
35-39	0.0109189
40-44	0.00900423
45-49	0.0154011
50-54	0.00275344
55-59	0.0121773
60-64	0.00664466
65-69	0.000812785
70-74	0.00708179
75-79	0.00109717
80-84	0.00567095
85-89	0.00600094
90-94	0.00700213
95-99	0.00897883
100-104	0.00397729
105-109	0.0108738
110-114	0.0051065
115-119	0.00127343
120-124	0.0060073
125-129	0.00829615
130-134	0.00478959
135-139	0.00226423
140-144	0
145-149	0.00026191
150	0
>>END_MODULE
>>Sequence Length Distribution	warn
#Length	Count
20	271.0
21	91.0
22	112.0
23	156.0
24	353.0
25	511.0
26	96.0
27	150.0
28	179.0
29	273.0
30	461.0
31	85.0
32	114.0
33	167.0
34	253.0
35	427.0
36	69.0
37	145.0
38	158.0
39	257.0
40	544.0
41	73.0
42	108.0
43	163.0
44	260.0
45	553.0
46	112.0
47	151.0
48	210.0
49	378.0
50	686.0
51	147.0
52	220.0
53	263.0
54	495.0
55	831.0
56	174.0
57	260.0
58	324.0
59	727.0
60	1444.0
61	250.0
62	426.0
63	248.0
64	506.0
65	1078.0
66	285.0
67	254.0
68	327.0
69	500.0
70	965.0
71	220.0
72	305.0
73	426.0
74	747.0
75	1413.0
76	256.0
77	355.0
78	497.0
79	838.0
80	1767.0
81	326.0
82	377.0
83	531.0
84	858.0
85	1745.0
86	312.0
87	446.0
88	513.0
89	1020.0
90	2061.0
91	312.0
92	474.0
93	752.0
94	1491.0
95	3813.0
96	762.0
97	595.0
98	812.0
99	1348.0
100	2795.0
101	508.0
102	631.0
103	1033.0
104	1728.0
105	3583.0
106	694.0
107	1039.0
108	1525.0
109	3094.0
110	6679.0
111	1106.0
112	1491.0
113	2252.0
114	3122.0
115	7417.0
116	706.0
117	1007.0
118	1826.0
119	2221.0
120	4197.0
121	848.0
122	1259.0
123	1465.0
124	2580.0
125	5181.0
126	1268.0
127	1789.0
128	2663.0
129	4666.0
130	10685.0
131	1554.0
132	2004.0
133	3141.0
134	5452.0
135	12288.0
136	1917.0
137	2706.0
138	4563.0
139	9031.0
140	26852.0
141	4614.0
142	3397.0
143	4175.0
144	7397.0
145	15853.0
146	2295.0
147	2898.0
148	4437.0
149	8315.0
150	211394.0
>>END_MODULE
>>Sequence Duplication Levels	pass
#Total Deduplicated Percentage	97.1535
#Duplication Level	Percentage of deduplicated	Percentage of total
1	97.6917	94.9109
2	2.01443	3.91419
3	0.164401	0.479164
4	0.0559565	0.217455
5	0.0339901	0.165113
6	0.0147984	0.0862631
7	0.0073992	0.0503201
8	0.0064743	0.0503201
9	0.00346838	0.0303269
>10	0.0073992	0.0959227
>50	0	0
>100	0	0
>500	0	0
>1k	0	0
>5k	0	0
>10k+	0	0
>>END_MODULE
>>Overrepresented sequences	pass
>>END_MODULE
>>Adapter Content	pass
#Position	Illumina Universal Adapter	Illumina Small RNA 3 prime Adapter	Illumina Small RNA 5 prime Adapter	Nextera Transposase Sequence	SOLID Small RNA Adapter
1	0	0	0	0	0
2	0	0	0	0	0
3	0	0	0	0	0
4	0	0	0	0	0
5	0	0	0	0	0
6	0	0	0	0	0
7	0	0	0	0	0
8	0	0	0	0	0
9	0	0	0	0	0
10	0	0	0	0	0
11	0	0	0	0	0
12	0	0	0	0	0
13	0	0	0	0	0
14	0	0	0	0	0
15	0	0	0	0	0
16	0	0	0	0	0
17	0	0	0	0	0
18	0	0	0	0	0
19	0	0	0	0	0
20	0	0	0	0	0
21	0	0	0	0	0
22	0	0	0	0	0
23	0	0	0	0	0
24	0	0	0	0	0
25	0	0	0	0	0
26	0	0	0	0	0
27	0	0	0	0	0
28	0	0	0	0	0
29	0	0	0	0	0
30	0	0	0	0	0
31	0	0	0	0	0
32	0	0	0	0	0
33	0	0	0	0	0
34	0	0	0	0	0
35	0	0	0	0	0
36	0	0	0	0	0
37	0	0	0	0	0
38	0	0	0	0	0
39	0	0	0	0	0
40	0	0	0	0	0
41	0	0	0	0	0
42	0	0	0	0	0
43	0	0	0	0	0
44	0	0	0	0	0
45	0	0	0	0	0
46	0	0	0	0	0
47	0	0	0	0	0
48	0	0	0	0	0
49	0	0	0	0	0
50	0	0	0	0	0
51	0	0	0	0	0
52	0	0	0	0	0
53	0	0	0	0	0
54	0	0	0	0	0
55	0	0	0	0	0
56	0	0	0	0	0
57	0	0	0	0	0
58	0	0	0	0	0
59	0	0	0	0	0
60	0	0	0	0	0
61	0	0	0	0	0
62	0	0	0	0	0
63	0	0	0	0	0
64	0	0	0	0	0
65	0	0	0	0	0
66	0	0	0	0	0
67	0	0	0	0	0
68	0	0	0	0	0
69	0	0	0	0	0
70	0	0	0	0	0
71	0	0	0	0	0
72	0	0	0	0	0
73	0	0	0	0	0
74	0	0	0	0	0
75	0	0	0	0	0
76	0	0	0	0	0
77	0	0	0	0	0
78	0	0	0	0	0
79	0	0	0	0	0
80	0	0	0	0	0
81	0	0	0	0	0
82	0	0	0	0	0
83	0	0	0	0	0
84	0	0	0	0	0
85	0	0	0	0	0
86	0	0	0	0	0
87	0	0	0	0	0
88	0	0	0	0	0
89	0	0	0	0	0
90	0	0	0	0	0
91	0	0	0	0	0
92	0	0	0	0	0
93	0	0	0	0	0
94	0	0	0	0	0
95	0	0	0	0	0
96	0	0	0	0	0
97	0	0	0	0	0
98	0	0	0	0	0
99	0	0	0	0	0
100	0	0	0	0	0
101	0	0	0	0	0
102	0	0	0	0	0
103	0	0	0	0	0
104	0	0	0	0	0
105	0	0	0	0	0
106	0	0	0	0	0
107	0	0	0	0	0
108	0	0	0	0	0
109	0	0	0	0	0
110	0	0	0	0	0
111	0	0	0	0	0
112	0	0	0	0	0
113	0	0	0	0	0
114	0	0	0	0	0
115	0	0	0	0	0
116	0	0	0	0	0
117	0	0	0	0	0
118	0	0	0	0	0
119	0	0	0	0	0
120	0	0	0	0	0
121	0	0	0	0	0
122	0	0	0	0	0
123	0	0	0	0	0
124	0	0	0	0	0
125	0	0	0	0	0
126	0	0	0	0	0
127	0	0	0	0	0
128	0	0	0	0	0
129	0	0	0	0	0
130	0	0	0	0	0
131	0	0	0	0	0
132	0	0	0	0	0
133	0	0	0	0	0
134	0	0	0	0	0
135	0	0	0	0	0
136	0	0	0	0	0
137	0	0	0	0	0
138	0	0	0	0	0
139	0	0	0	0	0
140	0	0	0	0	0
141	0	0	0	0	0
142	0	0	0	0	0
143	0	0	0	0	0
144	0	0	0	0	0
145	0	0	0	0	0
146	0	0	0	0	0
147	0	0	0	0	0
148	0	0	0	0	0
149	0	0	0	0	0
150	0	0	0	0	0
>>END_MODULE
